    0.261799
    0.174533
   0.0872665
           0
           0
           0
    0.261799
    0.174533
   0.0872665
-1.14427e+08
-1.56202e+08
 1.74125e+09
-1.14426e+06
-1.56202e+06
 1.74125e+07
-2.27317e+08
-3.15116e+08
 3.48201e+09
-3.41744e+06
-4.71318e+06
 5.22326e+07
-3.35075e+08
-4.84022e+08
 5.22947e+09
-6.76819e+06
 -9.5534e+06
 1.04527e+08
-4.37254e+08
-6.50749e+08
 6.95676e+09
-1.11407e+07
-1.60609e+07
 1.74095e+08
-5.42765e+08
-7.54827e+08
 8.56135e+09
-1.65684e+07
-2.36092e+07
 2.59708e+08
-6.77097e+08
-6.60292e+08
 9.84149e+09
-2.33394e+07
-3.02121e+07
 3.58123e+08
-8.75988e+08
-1.92466e+08
 1.05947e+10
-3.20992e+07
-3.21368e+07
 4.64071e+08
-1.14814e+09
 7.17047e+08
 1.08737e+10
-4.35806e+07
-2.49663e+07
 5.72808e+08
-1.43305e+09
  1.9383e+09
 1.10874e+10
-5.79111e+07
 -5.5833e+06
 6.83681e+08
 -1.5834e+09
 3.23143e+09
 1.17478e+10
-7.37451e+07
  2.6731e+07
  8.0116e+08
-1.31583e+09
 4.22386e+09
 1.31366e+10
-8.69035e+07
 6.89696e+07
 9.32526e+08
-2.29323e+08
 3.98178e+09
 1.46882e+10
-8.91967e+07
 1.08787e+08
 1.07941e+09
 1.25275e+09
 1.50763e+09
  1.4997e+10
-7.66692e+07
 1.23864e+08
 1.22938e+09
 1.56641e+09
-1.80984e+09
   1.717e+10
-6.10051e+07
 1.05765e+08
 1.40108e+09
 2.16094e+09
-3.46335e+09
 2.10876e+10
-3.93957e+07
 7.11319e+07
 1.61195e+09
  2.9197e+09
 1.17831e+09
 1.47763e+10
-1.01987e+07
 8.29149e+07
 1.75972e+09
-9.31774e+08
 8.83548e+09
 1.24542e+10
-1.95164e+07
  1.7127e+08
 1.88426e+09
 5.50626e+08
-1.42371e+09
 1.76375e+10
-1.40102e+07
 1.57033e+08
 2.06063e+09
 4.31191e+08
 7.53129e+09
 1.04878e+10
-9.69826e+06
 2.32346e+08
 2.16551e+09
-3.41275e+09
-2.63361e+09
  1.6883e+10
-4.38257e+07
 2.06009e+08
 2.33434e+09
-4.31004e+09
 2.92161e+09
 1.01324e+10
-8.69261e+07
 2.35226e+08
 2.43566e+09
-4.55039e+09
 1.11394e+10
 -1.1992e+10
 -1.3243e+08
 3.46619e+08
 2.31574e+09
  9.8239e+08
 -2.8178e+09
-7.66021e+09
-1.22606e+08
 3.18441e+08
 2.23914e+09
-1.11153e+09
  -4.057e+09
-2.82607e+09
-1.33721e+08
 2.77871e+08
 2.21088e+09
-6.34535e+09
-1.43816e+10
-1.50761e+09
-1.97175e+08
 1.34055e+08
 2.19581e+09
-5.48942e+10
 3.61293e+10
 1.97209e+10
-7.46116e+08
 4.95348e+08
 2.39301e+09
  -8.506e+10
-5.96664e+10
 1.08118e+11
-1.59672e+09
-1.01316e+08
 3.47419e+09
-4.39051e+11
 -3.9618e+11
 1.35579e+12
-5.98723e+09
-4.06311e+09
 1.70321e+10
 2.54889e+12
-1.28543e+11
-1.50799e+12
 1.95017e+10
-5.34855e+09
  1.9522e+09
 8.54494e+12
  3.7116e+12
-1.00893e+12
 1.04951e+11
 3.17674e+10
-8.13707e+09
-6.93066e+12
 3.35299e+13
 2.88916e+13
 3.56445e+10
 3.67067e+11
 2.80779e+11
-7.63072e+13
 3.98069e+14
 3.43602e+13
-7.27428e+11
 4.34776e+12
 6.24381e+11
 1.06572e+15
-2.80061e+15
-3.66346e+14
 9.92974e+12
-2.36583e+13
-3.03908e+12
 8.41881e+15
-1.93912e+16
 2.13799e+16
 9.41179e+13
 -2.1757e+14
  2.1076e+14
 7.16786e+16
 -2.0096e+17
 1.98845e+17
 8.10904e+14
-2.22717e+15
 2.19921e+15
-7.99228e+17
 1.88193e+17
 1.92597e+18
-7.18138e+15
 -3.4524e+14
 2.14589e+16
-9.59457e+18
-1.98998e+18
 1.29951e+19
-1.03127e+17
-2.02451e+16
 1.51409e+17
 8.27226e+19
-7.52172e+19
 2.93023e+19
 7.24099e+17
-7.72417e+17
 4.44433e+17
-1.74662e+20
 6.05309e+20
 2.74737e+20
-1.02252e+18
 5.28068e+18
 3.19181e+18
 1.17462e+21
-2.87486e+21
 8.78392e+21
 1.07237e+19
 -2.3468e+19
  9.1031e+19
 2.04693e+21
-1.45096e+21
 5.87558e+21
  3.1193e+19
-3.79776e+19
 1.49787e+20
-2.42912e+22
 5.19237e+22
 2.40585e+22
-2.11719e+20
 4.81259e+20
 3.90372e+20
-2.48657e+23
 6.80167e+23
-5.23671e+23
-2.69829e+21
 7.28293e+21
-4.84633e+21
 8.38877e+24
-2.32838e+25
  1.6317e+25
 8.11894e+22
-2.25555e+23
 1.58324e+23
 3.18525e+26
-8.82704e+26
-5.08576e+26
 3.26644e+24
-9.05259e+24
-4.92744e+24
-1.25417e+28
 1.34457e+28
 2.90202e+28
-1.22151e+26
 1.25404e+26
 2.85275e+26
-4.61627e+28
-5.52438e+29
-2.74469e+25
-5.83777e+26
-5.39897e+27
    2.85e+26
 1.91611e+31
-4.31542e+31
-1.72733e+31
 1.91027e+29
-4.36941e+29
-1.72448e+29
-1.29441e+33
 4.76749e+33
-1.00787e+33
-1.27531e+31
  4.7238e+31
-1.02511e+31
-5.49126e+34
 1.37789e+35
 3.87055e+35
 -5.6188e+32
 1.42513e+33
  3.8603e+33
-3.35015e+36
-5.00516e+36
 9.88458e+36
-3.40634e+34
-4.86265e+34
 1.02706e+35
 7.77631e+37
-3.15798e+38
-1.05466e+39
 7.43568e+35
 -3.2066e+36
-1.04439e+37
 -7.0949e+39
-4.40409e+40
 2.81136e+40
-7.02054e+37
-4.43616e+38
 2.70692e+38
-4.95591e+42
-1.54608e+42
 6.46646e+42
-4.96293e+40
-1.59044e+40
 6.49353e+40
-3.72177e+41
-4.11426e+44
-2.30109e+45
 -5.3351e+40
-4.13016e+42
-2.29459e+43
 2.43125e+46
 1.21714e+47
-1.82463e+47
 2.43071e+44
 1.21301e+45
-1.84758e+45
-1.35944e+49
 2.19361e+49
-3.96274e+49
-1.35701e+47
 2.20574e+47
-3.98122e+47
 1.89769e+51
-8.81475e+51
  1.0547e+52
 1.88412e+49
-8.79269e+49
 1.05072e+50
 7.23918e+53
 2.91426e+53
-3.39024e+54
 7.25802e+51
 2.82633e+51
-3.37973e+52
-3.00422e+56
 -5.3201e+56
 1.41771e+57
